15.55,28.65
14.9,27.55
14.45,28.35
14.15,28.8
13.75,28.05
13.35,28.45
13,29.15
13.45,27.5
13.6,26.5
12.8,27.35
12.4,27.85
12.3,28.4
12.2,28.65
13.4,25.1
12.95,25.95
12.9,26.5
11.85,27
11.35,28
11.15,28.7
11.25,27.4
10.75,27.7
10.5,28.35
9.65,28.45
10.25,27.25
10.75,26.55
11.7,26.35
11.6,25.9
11.9,25.05
12.6,24.05
11.9,24.5
11.1,25.2
10.55,25.15
10.05,25.95
9.35,26.6
9.3,27.25
9.2,27.8
7.5,28.25
8.55,27.45
8.5,27.05
8.05,27.2
7.85,26.8
7.3,27.4
6.8,26.85
7,26.5
7.55,26.3
8.55,26.3
9,25.85
8.6,25.65
9.4,25.55
8.45,25.05
8.85,24.6
9.65,24.7
10.55,24.35
11.05,23.9
10.55,23.55
9.45,23.35
9.2,23.9
8.35,23.9
7.35,24.75
7.4,25.45
6.6,25.75
6.1,26
5.8,26.95
5.65,25.8
5.3,26.1
6.4,25.4
5.4,25.25
5.35,24.7
4.8,25.05
4.2,25.55
6.4,24.8
6.55,24.3
7.4,24.25
5.45,24.2
4.3,24
4,24.25
3.35,23.3
4.85,23.05
4.3,22.75
5.85,23.4
5.9,23.55
7.55,23.7
6.85,23.25
7.65,23.1
6.95,22.55
6.1,22.6
5.5,22.6
4.7,22.1
3.8,21.85
4.65,21.2
4.15,20.35
5.3,20.4
5.6,20.75
5.8,21.95
6.4,21.95
6.55,21.15
7.45,21.95
7.4,21.55
7.75,21.2
7.65,20.65