15.55,28.65
14.9,27.55
14.45,28.35
14.15,28.8
13.75,28.05
13.35,28.45
13,29.15
13.45,27.5
13.6,26.5
12.8,27.35
12.4,27.85
12.3,28.4
12.2,28.65
13.4,25.1
12.95,25.95
12.9,26.5
11.85,27
11.35,28
11.15,28.7
11.25,27.4
10.75,27.7
10.5,28.35
9.65,28.45
10.25,27.25
10.75,26.55
11.7,26.35
11.6,25.9
11.9,25.05
12.6,24.05
11.9,24.5
11.1,25.2
10.55,25.15
10.05,25.95
9.35,26.6
9.3,27.25
9.2,27.8
7.5,28.25
8.55,27.45
8.5,27.05
8.05,27.2
7.85,26.8
7.3,27.4
6.8,26.85
7,26.5
7.55,26.3
8.55,26.3
9,25.85
8.6,25.65
9.4,25.55
8.45,25.05
8.85,24.6
9.65,24.7
10.55,24.35
11.05,23.9
10.55,23.55
9.45,23.35
9.2,23.9
8.35,23.9
7.35,24.75
7.4,25.45
6.6,25.75
6.1,26
5.8,26.95
5.65,25.8
5.3,26.1
6.4,25.4
5.4,25.25
5.35,24.7
4.8,25.05
4.2,25.55
6.4,24.8
6.55,24.3
7.4,24.25
5.45,24.2
4.3,24
4,24.25
3.35,23.3
4.85,23.05
4.3,22.75
5.85,23.4
5.9,23.55
7.55,23.7
6.85,23.25
7.65,23.1
6.95,22.55
6.1,22.6
5.5,22.6
4.7,22.1
3.8,21.85
4.65,21.2
4.15,20.35
5.3,20.4
5.6,20.75
5.8,21.95
6.4,21.95
6.55,21.15
7.45,21.95
7.4,21.55
7.75,21.2
7.65,20.65
6.95,19.8
6.6,20.1
6.05,20.2
5.4,19.65
5.35,19.05
5.8,18.25
6.3,19.1
7,18.9
7.15,17.9
7.35,18.2
8.2,20.05
8.3,19.45
8.3,18.5
8.75,18.8
9.05,18.2
9.35,17.7
8.9,17.65
8.45,17.2
10.05,17.2
10.4,16.75
8.6,20.9
8.65,21.3
8.65,21.9
8.65,22.5
8.95,22.8
9.95,22.65
8.95,22.2
9.65,21.9
10.55,22.3
10.9,22.85
11.35,23.45
12.05,23.4
12.3,22.75
11.7,22.15
11.15,22.05
10.85,21.5
10.85,21.05
9.6,21.3
9.85,20.7
9.35,20.6
9.25,19.65
9.95,19.8
10.7,20.35
11.3,20.7
12.35,21.6
13.1,21.3
12.85,20.75
12,20
11,19.85
10.35,19
9.9,18.65
10.6,18.15
11.4,18.3
11.4,19.25
12.35,18.8
12.8,19.75
12.15,18.1
11.05,17.5
11.95,17.25
12.25,17.5
13.05,17.4
13.75,18.15
13.5,18.65
13.65,19.25
14,19.9
15.2,18.2
15.5,17.15
13.9,17.1
13.75,16.6
12.15,16.4
7.8,13.7
8.85,13.35
9,12.7
9.7,12.1
8.05,12.9
7.7,13.25
6.8,13.2
6.6,13.45
6.2,12.55
5.4,12.85
5.7,12.25
5.2,11.9
5.15,11.35
5.85,11.2
6.1,11.75
7,12.35
7.05,12.45
7.9,12.5
8.55,12.1
7.85,11.85
7.1,11.95
6.9,11.5
6.85,10.9
6.4,10.7
5.9,10.3
6.4,10.25
7.05,10.05
7.35,10.5
7.65,11.1
8.1,11.2
